start=635.600000
speed=1.331000
fullscreen=yes
