start=695.216667
pause=yes
sid=no
ab-loop-a=0.050000
ab-loop-b=0.050000
