start=375.258000
speed=1.331000
