start=5790.576042
volume=88.000000
