start=71.993955
volume=42.000000
