start=4081.741350
volume=100.000000
