start=7598.132200
volume=96.000000
aid=1
