start=912.600000
speed=1.464100
volume=54.000000
