start=8.566667
volume=62.000000
