start=720.400000
speed=1.331000
fullscreen=yes
