start=1506.800000
speed=1.771561
volume=90.000000
fullscreen=yes
ab-loop-a=2.500000
