start=986.200000
speed=1.331000
fullscreen=yes
