start=1015.400000
speed=1.726136
volume=62.000000
fullscreen=yes
