start=5829.615333
volume=74.000000
fullscreen=yes
