start=986.133000
speed=1.464100
volume=70.000000
fullscreen=yes
