start=7050.835042
volume=96.000000
