start=1242.160000
speed=1.331000
volume=66.000000
