start=1360.466000
speed=1.464100
fullscreen=yes
