start=793.360000
speed=1.210000
volume=80.000000
fullscreen=yes
