start=1630.667000
speed=1.464100
volume=82.000000
fullscreen=yes
sub-delay=-0.100000
