start=1912.600000
speed=1.610510
volume=92.000000
fullscreen=yes
