start=935.733000
speed=1.464100
volume=76.000000
fullscreen=yes
